-1.41905 2.67407 0.105947
0.855534 1.5814 1.05157
1.96462 1.32783 0.955318
2.76039 1.22718 0.706266
3.38183 0.912525 -0.156069
3.38217 1.29973 0.826638
2.01533 1.45858 0.113728
-1.04273 -1.63069 -0.977006
-1.54652 1.31932 -0.862732
-1.25869 0.404849 0.856068
-1.25869 0.404849 0.856068
-1.5079 0.505922 2.15241
-0.725936 2.21752 2.03127
-0.241816 0.469347 -0.820314
-0.876188 0.012728 -0.76141
-1.23197 0.330781 -1.18178
-1.49553 1.23043 -0.169188
-1.8328 1.03953 -0.674835
1.66167 2.28797 2.23495
-0.767775 1.39266 2.27965
